2.550602
1.958115
0.1298773
-0.6149569
-0.1461684
0.04698572
0.3144376
0.7623699
-1.277168
-0.4211105
0.370479
-0.2117219
0.163777
-0.04192217
0.9752451
0.4152391
-0.2777954
0.8579835
-0.4516654
0.3892733
-0.9693054
0.5409985
-1.213078
-0.3781173
1.026022
-0.1345883
0.0002774384
-0.4870248
1.013494
-0.06861312
-0.8986814
0.2400493
-0.8986882
0.3085059
-1.299557
-0.7290461
-0.1561405
-0.06156563
0.4534531
-0.3171778
0.2682503
0.9904512
1.067035
0.6788709
-1.278795
-1.086589
0.7138945
0.1980004
0.4687374
-1.311466
-0.04889066
-0.2673876
0.3071188
-0.02571552
0.2176478
-0.1740264
0.1498655
-0.7321236
0.9441322
-0.1169082
-1.56962
-0.7070431
-0.3938372
-0.9119129
-1.34555
-1.799889
-0.3188342
-1.251159
-0.2321258
0.2908214
0.6664805
-0.3609932
0.1206502
-1.84433
-1.525351
1.634312
-0.6247206
-0.1054107
-0.8169692
-1.017801
-0.6456991
0.38483
0.7429822
-2.169978
0.1786097
1.031483
0.5837078
0.1857841
0.06834929
0.09422605
-0.9785135
1.483694
-1.741257
1.375089
-0.7129655
-0.2858822
0.9868724
-0.4822313
-0.409723
-0.4885795
-0.8118886
-0.3376962
0.681789
0.5613857
1.281245
-0.802847
-0.7887098
0.06180549
0.1947635
1.031623
0.7128593
0.3739532
1.298165
-1.652675
1.237385
-0.4060326
0.9188314
1.321145
0.2728801
1.009355
0.2989347
-1.527147
1.133093
1.506224
-0.448927
0.665215
0.9869151
0.5693021
-0.5133008
-0.2029904
-1.180879
-0.3101807
-0.1769419
1.523162
-0.2108993
-0.0902922
0.9013881
-0.282851
-0.2243067
0.5644981
1.178373
0.7013739
1.249385
0.8425624
-0.8348566
0.6989447
0.5169307
-1.718927
-0.4753165
-0.3157498
-0.3512735
0.547635
-0.3623859
-0.1261363
-0.938817
-2.566342
0.2519846
0.16155
0.1401875
0.1031871
0.2100087
0.2862109
0.463436
0.1958778
-0.5240371
-0.2455934
-0.3589856
-1.651762
-0.7703289
-0.1261496
0.2839501
0.3923459
-1.370372
0.2920192
0.1462716
0.1503359
-0.235865
-0.4417951
-0.7738665
-0.05321041
-0.2547126
-2.067329
0.7233146
-0.3393157
-0.7539502
-1.540558
0.850682
2.054083
0.8674629
0.4992112
0.364638
-0.693739
-0.2328407
-1.048741
1.574074
-1.287713
-0.04131332
-0.8785552
1.236514
-1.806846
0.3997327
-0.7387599
-0.8127574
0.02258039
0.3564695
-0.1007607
-0.231756
0.3233161
-0.8798207
-0.1823281
-0.2238978
-0.8134463
0.7017611
0.0829974
0.9303493
-0.7532228
-0.8736023
1.604673
1.075016
-0.06093352
2.087725
-0.407172
-1.168322
-0.6299164
-0.8491571
-0.5483068
-1.246003
-0.9948
0.7336251
0.3187542
0.1502388
1.03243
0.5356405
0.8668662
-0.7156004
0.9119575
1.251243
-1.093745
0.1726818
-1.571233
0.1760689
-0.1719561
0.9879352
0.308632
-0.2828169
-1.360115
-0.7067007
0.4468435
1.552911
-1.042189
-0.8182986
-0.9003669
-0.1487565
0.2048336
-0.8030742
-0.7093148
0.6266103
0.3165168
0.3877058
1.012831
0.8865594
0.09999637
-0.04433625
-0.1222318
-0.2599804
0.0005307538
0.3404086
0.8764917
-0.9533592
0.7306209
-0.8051704
0.2168329
0.2588802
-0.5797924
-0.1312152
0.618484
1.106491
-0.01786288
0.2575056
-2.217034
0.2833598
-0.4783424
-0.4938614
0.9185758
0.5702239
0.05300877
-0.1573356
0.7827065
-0.6924103
0.1841327
-0.2851283
-0.4132269
0.6421878
2.508761
0.5077386
-0.3491938
-0.4069754
0.4995909
-0.7298092
0.4989795
-0.261417
-1.312121
0.608427
-0.006339008
2.67575
-1.031635
-0.2968548
0.06920786
1.556058
-1.949758
0.7457564
0.1044901
1.384219
1.670607
0.2775363
1.830968
0.6905686
1.050917
-1.514865
0.814423
-0.7702799
-1.490853
-1.151539
-0.5318781
-1.619501
0.3081468
-0.1680863
-0.9311886
-0.4180182
-1.27898
0.1454265
-1.049962
0.644869
-0.7565065
-0.5376349
0.4882719
-0.92955
0.5933695
0.8511839
1.272754
1.330844
-0.6879977
-0.6599908
0.2788877
0.8391275
1.133263
-0.4449444
1.910028
0.6384968
0.4864917
-0.29619
1.837838
-0.2596373
-0.6780984
-0.4332038
-1.011404
0.1516081
-0.7328657
-0.2830188
0.5189198
0.2215138
-0.8523862
-0.291378
0.09276787
0.5003317
1.161185
1.421207
0.228797
-0.7450525
0.2143207
-0.2632409
0.09278036
1.857713
0.05478894
0.1593508
-1.72017
-0.4211203
-0.2795413
0.9478219
1.625484
-0.3753674
0.02884939
-1.496534
0.5686478
-0.2904547
0.1826907
-0.9295887
-0.3164855
-0.3259678
0.6615846
1.37861
-0.9958007
-0.7675714
-0.1049834
-0.9044596
0.8818771
-0.9663947
-1.098727
-1.9165
0.6106575
0.4263566
0.5916785
0.1362324
0.2303153
-0.551086
2.08277
0.3227167
-0.4526692
-1.852124
0.5448459
-1.405259
-1.033503
-1.24276
-0.1795333
0.09589754
0.102135
-0.3732097
0.2051271
-1.385933
-0.4903385
-1.103805
0.2438782
1.995834
1.070391
0.8693052
0.6241891
0.2457587
0.5838264
0.3848107
1.294299
-0.5246024
-0.8396884
-0.3464053
-0.01833288
-1.575808
-0.578449
1.415885
1.00022
-0.3410848
-1.372568
0.2541691
-1.510372
-0.06945585
-0.5127395
-0.4594532
-0.6123487
-0.216649
-0.6867509
-0.08744473
0.5257968
0.8591665
-0.5153123
-0.5429217
-0.9170638
-0.1661678
1.227101
0.5108951
1.987167
-0.2205043
-1.222512
2.070507
0.414029
-0.3080719
1.008824
-1.13053
-1.096574
-0.1375777
-0.3997625
0.7817786
1.243312
-0.9683453
-2.433809
0.6316027
-1.291418
-0.7540366
0.7524717
0.3676742
-0.5863757
0.3482945
0.8324142
0.3689762
-0.2258019
1.081732
-0.5086477
-1.651967
0.1886086
-0.7612247
-0.1364226
1.506409
-0.8099822
1.922244
-0.09208258
0.1218817
-0.00104071
-0.8715279
0.5480721
-0.2209252
-0.4460948
-0.6004505
-0.7705675
-0.1232524
0.1914188
0.2049163
0.07163297
-0.6637287
-0.6617889
1.63627
-0.4577367
0.06885163
0.8070805
-0.3548924
1.410311
-0.6325082
-0.4956203
-0.9991326
0.9341018
-1.083711
-0.3211826
-0.3960771
1.089899
0.2380446
0.4610805
1.936642
0.3460866
0.5886898
-0.7829105
0.4182271
0.3662326
-0.05726327
-1.24077
-0.0554642
0.02361886
-0.5749386
-1.200715
0.2779601
-0.2971306
0.807005
1.781159
0.1218843
-2.182513
0.1482388
0.8017777
0.9844784
-1.076291
0.8811774
1.016765
0.8075511
0.2797402
-1.173422
-0.748229
-0.05431014
-0.02356994
-2.38891
0.2473592
0.1613899
-0.9475144
0.1309525
0.7444933
-0.1039958
0.5013819
-0.06856489
0.4629434
-1.475963
-0.6042284
0.1696595
-0.8166792
0.1441957
-0.7485139
-0.6041471
-0.3000282
-0.1911051
-1.503128
-0.06696856
-0.2025952
-1.156832
-0.5649744
0.02821928
2.017727
-0.7393171
-0.6867635
0.817818
0.2915663
0.3807151
-2.358552
-0.6488923
-0.2220249
1.200799
-0.5798132
-0.1411107
0.3892577
-0.6899856
0.2310718
0.7798397
0.1927644
-1.338397
0.2359303
0.804579
1.145114
0.2592961
1.517995
2.02101
0.8398546
-0.391849
0.4622236
0.1709861
0.5230975
2.043244
-0.956488
-0.1105277
-0.234156
-0.2032361
0.4462613
-0.4518009
1.346577
0.8516338
-1.043932
-0.7358536
-0.3594956
-0.7516526
0.0621152
0.2644289
0.568643
0.1180476
-1.167112
1.277797
-0.01505523
-0.1719773
-1.305891
-0.5059598
-0.5681108
-0.139411
-0.0909629
-0.5000317
0.6001865
-0.3034734
1.272059
2.376747
-0.1702511
-2.043569
0.3400912
0.669424
0.08514015
1.28097
0.6333818
1.830763
-0.108092
0.4202145
0.80753
1.028489
0.262863
0.8541122
-0.8430149
-0.4549675
-0.4842081
-0.1559839
0.2192214
1.247099
-0.8444047
-0.8590041
1.679715
1.274307
0.5927606
-0.2049469
0.7666554
0.6513469
-0.4155867
-1.202818
0.9528551
-0.06910094
0.893424
-0.2635595
0.7465617
-0.3337012
0.4487736
-0.8866773
1.549657
0.4188966
-1.443157
0.1041549
-0.1478767
0.1084453
-1.473664
1.117435
-0.8273582
-0.1372156
0.5122833
0.06987648
0.4312756
1.734527
0.47951
-0.5827612
0.701713
-0.2845863
1.661056
-0.2907535
-0.2333935
1.195056
2.031966
-0.3626515
-0.7811904
-0.9994254
0.7965184
-1.666842
-0.9070532
0.5202248
-0.9187242
-0.8301824
-0.4753218
0.6522834
-1.03293
0.5011209
-0.1645244
0.6301923
0.09921405
0.7861212
1.017487
-2.357361
-0.3244266
-0.7424617
0.1915436
0.3183401
-0.6505716
0.1783764
-0.9432285
-0.3277632
-1.274027
0.4880838
-0.5963774
0.4135539
-1.24892
1.243786
0.1470349
0.8045663
-0.004194082
-1.087494
0.6453841
-0.6356289
0.6566985
0.710315
0.3980696
0.6091567
1.622465
-0.4536982
-0.1865336
0.900385
0.6298755
1.014722
0.09139381
-0.2170244
-0.8920231
-0.6397806
0.1216469
-1.945227
-1.381536
0.2642707
0.8348302
0.5265787
1.669327
-0.8998902
-1.642339
-0.05204653
0.4803874
0.2454731
-0.9493914
0.8654529
-0.2231043
-0.07522124
-0.1301475
0.1688904
1.50747
0.01890534
0.1859463
0.3098075
0.8451375
1.237119
-0.7356098
-0.4258333
-1.008966
-0.5640035
0.5988404
1.298271
-1.730404
-0.9299821
-0.1867033
-0.4306779
-0.9222387
-0.3005528
1.73005
-0.1749378
0.566635
-0.6335068
-0.561697
0.2280255
-0.9961008
-0.8794473
1.1484
0.2424418
0.4229
0.1517006
0.647866
1.313539
-0.1035378
-1.631472
0.7147664
-0.1264228
-0.3268589
0.187634
0.007367013
1.296527
0.7274662
-0.260975
0.5612841
2.34201
-1.033797
-0.3941184
-0.9591898
-0.8751757
0.9151596
-1.328848
0.5096296
-0.9449006
1.178951
0.2887838
-0.4562689
0.3305056
0.2635651
-0.5615215
0.06576727
0.8786871
-0.8050331
0.1927467
0.3584752
-0.3131893
0.8290684
-0.93926
0.1647818
0.4793189
-0.1216677
0.9844985
-0.6457304
-1.04027
-0.3003781
-0.365857
0.5121954
-0.7479182
0.1239023
-2.27282
0.1727136
0.4878438
-0.1158698
-0.6258634
0.5238045
1.097487
0.3664923
0.007812603
-1.232306
-1.908126
-2.054257
-0.5981998
-1.381028
-1.075208
-0.2100451
-0.686792
0.495213
-0.3595781
-0.2448052
-2.091513
-0.4501108
-0.4167345
-0.5884656
0.09799011
0.3275129
0.6197633
-0.7014477
-0.5941653
0.473261
-0.9160444
0.685167
0.4645755
-0.6382251
-0.9156503
-1.548268
0.05612037
1.756228
0.2614054
1.206366
0.5172815
0.8504649
0.2913269
0.4227393
0.09935257
-0.4887083
-0.2515589
-0.3808575
1.153244
0.4486656
-0.1994905
1.077169
-0.9847271
1.558156
0.3055382
-0.5191016
1.725979
-0.2360997
-1.733089
-1.042094
-1.344519
-0.4642289
1.855282
1.106364
-0.09639888
0.5533628
-0.2855895
0.4046752
0.3907333
1.351072
0.5784097
-0.88598
0.5312177
0.3839563
0.4989206
-1.496308
0.0563002
0.6644256
0.009446629
0.7768174
1.055237
-0.5608252
1.002184
-1.21445
0.2521284
0.9554607
-0.2572258
-1.578654
-0.7364298
0.5877742
-0.08234782
0.1229552
0.02651351
-0.7620897
2.587448
1.536477
-1.483108
0.3100312
-0.4573967
1.097386
-1.624967
-0.9664158
1.035649
-0.4328846
1.356107
-1.83429
-1.122221
0.8570899
0.9283523
-1.281703
0.3324843
0.5797699
0.3476042
-0.6874286
-1.891323
-0.8949219
-1.529588
-1.832696
0.9095767
-1.110219
1.341881
0.05436853
-0.4766319
0.1911447
-1.792561
-1.384769
0.2845608
1.028558
0.7543427
-0.8573006
-1.064141
-0.06642383
-0.1322393
0.2415036
0.963403
-0.8565875
-1.136466
0.2857577
0.9609423
0.6730916
0.342701
-0.06963684
-0.237126
0.05432457
-0.5113741
-0.5613524
0.6837589
-0.2054695
-0.88186
1.082517
0.3032179
-0.3466872
0.3945189
1.741116
0.852595
0.7827101
-1.128829
1.37326
0.1260229
0.4059559
0.6833102
0.7420767
0.5868329
0.5964054
0.3595142
-0.5256614
-0.3271251
-0.6468653
-0.0200256
0.9503123
0.1607894
-0.6547909
0.4318648
0.09329223
-1.814888
0.2553102
-0.1437134
-0.797897
0.9191312
1.27886
0.8526256
0.2360794
0.7049049
0.3738991
0.09534885
-0.7622625
-0.8801584
0.8710407
0.2926693
-0.359919
-0.3241508
-0.871411
-0.918406
1.136796
-1.071839
-1.709706
-0.840807
-0.3289278
0.4000284
-0.6170239
0.01922006
-0.4308656
-0.894586
0.4930905
0.1939959
1.369687
0.1639147
0.277402
-1.143685
-0.4518589
1.195689
0.3860134
0.1256856
0.5557743
1.323023
0.2585887
-0.8107531
0.8581803
-0.7879712
0.2844993
0.8618672
-0.6749251
0.04564812
-0.4013507
1.327951
0.09416369
-0.08596709
0.02459131
0.4076402
-0.3427329
-0.9632407
0.4340694
-0.2922
0.02146584
-0.3084155
0.7454525
-0.4031259
-0.4568858
1.676142
0.6927738
0.5494192
0.2625525
0.04503454
-0.7295597
-0.9120523
-1.086949
-0.8806866
1.386202
-0.394648
0.7213954
-0.4241024
-0.09908927
1.272732
0.5778598
0.7959076
-1.691424
-0.2746898
0.5041332
0.333002
-0.4293635
0.05765934
-0.5869338
0.06370949
0.7304497
2.101849
-0.8635979
0.3897618
-0.6457372
-0.1406708
-1.006826
0.9653595
-0.5649797
1.028258
0.6482658
0.942706
0.8971625
-0.3194268
-1.319627
-0.1042729
-0.7271047
0.832526
-0.9342878
-0.1271331
0.3609681
0.8131858
-0.5291256
-1.767451
0.911411
-0.4958237
-1.076697
-0.2500973
-0.7084222
-1.056133
-0.0303312
-0.2162788
-0.3976588
-0.38222
-0.1509027
-1.290255
2.343297
2.685765
1.692983
-0.1729847
0.568681
-0.1347206
0.8609138
1.932385
-1.322818
0.5471588
0.3955173
0.8027674
0.8845702
-0.5752622
-0.1508215
1.334085
-0.2137727
0.8026408
1.082066
-1.141987
-0.3148001
0.8224486
0.8848247
0.5706133
-1.495167
-0.3809628
2.298449
0.7392206
1.064444
1.124791
0.7988898
-0.7010704
0.3378195
-0.8035403
0.8464574
0.07035252
0.4103926
0.8104512
0.7497799
0.3896396
0.2084067
0.07413352
0.2234987
0.3365411
-1.275381
0.1027375
-0.9479014
-0.5347055
0.5288255
-0.2441262
1.591503
2.05291
0.1658062
-0.4516075
0.4369875
0.3716119
-1.154474
-0.5462861
0.2251918
0.4130195
0.3352823
0.06461718
-0.7532365
0.5781193
-0.04747297
-0.2123478
-1.135983
-0.4636832
0.1367882
0.119001
0.5066595
0.1421441
-0.041106
0.4585198
0.5292887
-0.8584484
1.579272
0.5244023
-1.304222
-0.08193689
0.6088668
-0.5681057
-0.8685065
-0.9250737
-0.08691264
-0.4542871
-0.6475968
0.119633
-0.5855873
1.012927
-0.01027326
0.4706304
1.05002
1.883438
0.2890054
-0.768485
0.02996576
-0.8723869
-1.010042
2.029005
1.563075
0.3205449
1.899143
1.188367
-0.06475072
-1.125442
0.5156674
0.02692984
1.236615
-0.703351
-0.2286138
0.9406469
1.544968
1.54041
0.6285586
-1.661753
0.06040133
0.1614047
1.476369
1.080918
0.9947677
-1.108193
0.2311962
-0.197146
-2.374544
-0.9522341
0.3677585
-0.2325414
1.314832
-0.3559325
-0.3373728
0.9744242
0.0457995
-1.768804
1.612408
-1.051141
-0.8038165
-1.489856
0.58364
-0.5055568
-0.4810794
-0.0003897685
-0.6118304
0.5220396
-0.1946351
1.855864
-1.259511
0.2206265
0.5117459
-0.5505871
0.4295478
-0.1850811
-0.8597926
0.2783715
0.6978398
0.1935581
2.026561
-1.240029
1.84716
-0.1003812
-0.4891919
0.3999249
0.5058166
0.2359665
-0.7712482
-0.1233363
-0.6388269
0.4334307
2.172651
0.1935356
0.1748055
-0.00215768
-0.5389758
0.1093652
0.4567337
1.381414
0.1065089
-0.8421711
0.236772
-1.351978
-0.4866779
-0.4975421
1.491103
-0.3072968
0.3374126
-0.9023723
0.9951562
-0.7362704
-1.597533
-0.01565996
-1.466942
-0.1525249
-1.616089
0.7353964
-1.553415
-1.355769
0.8291863
0.4390367
-0.9284726
-0.4065446
-0.0675251
0.2390026
0.5033216
0.6029563
0.4374295
-1.516207
0.1620026
-0.414895
-0.8166387
-0.701138
-0.2107519
0.2430244
0.8904299
0.4396708
-0.8967081
0.4774629
0.7278934
-0.6689688
0.139276
-1.288265
-0.02326957
-0.4164419
-0.3121454
0.1363767
-0.4041146
-1.155965
-0.1071432
-0.2243109
-0.3381338
0.7703888
0.6613382
-1.862951
0.3870734
-0.9703313
-1.865479
-0.1997116
-0.1925535
0.9309433
-0.1004963
0.114273
0.268872
0.5747406
-1.197583
0.622139
0.6613895
0.2940914
0.3591981
1.107873
0.610359
-0.5666682
-0.1308969
0.8458151
0.01966926
-1.7365
1.014369
-0.0113492
0.4234791
-0.4108905
-0.6584241
1.016594
-0.1939702
1.323374
0.4769953
0.7769267
0.2218599
-0.6659848
0.1207265
-0.5300333
-0.8452645
-1.474149
-1.127088
0.169982
0.5611253
-1.197076
0.3608621
0.7509562
0.2854935
0.2152743
-0.8003764
-0.8363385
0.5600733
1.887214
-0.3309227
-0.03034804
0.9098127
0.3127702
-1.099838
0.3989083
-1.362177
-0.4244974
-1.738756
1.855485
-0.2889131
-0.2844068
1.244904
0.2626871
-0.4318075
-0.1503441
1.469553
0.1143565
0.2795119
-0.2925463
-0.1399849
0.4116702
-0.6873739
0.1934897
-0.07440881
-0.4870863
0.1971139
0.4392075
-0.9404024
0.5959012
-0.3377801
-0.7859325
2.612245
0.3384252
-0.9378045
-0.7043311
-1.160673
-0.3297444
-1.207929
-0.7433605
1.322381
0.02409584
-0.3516017
0.9684526
-1.495891
-1.180846
-1.498534
-1.582626
-0.03686934
-0.6001803
-0.1354159
0.6340214
-0.9617212
-0.3326932
0.1596627
0.1463259
0.3500449
-0.9763182
1.394748
-1.588559
0.1328077
0.3497369
-0.9811767
-0.2184955
0.2567309
-0.8264624
1.227339
0.3097703
-0.252334
-0.1483455
-1.032141
-1.145038
0.2132024
-0.3244852
0.619129
-0.8842632
-0.9899284
-0.2502694
-1.119562
-1.405747
0.5948411
0.3716514
-1.127953
1.328328
-0.1175381
-1.277907
0.1445541
-0.02987606
0.007609583
-0.3157499
0.03034608
1.267834
1.419282
-0.4038622
0.4401369
0.9251513
0.6266342
-0.05858761
-0.3766028
-1.646845
0.004284459
0.5167691
0.3363412
-0.0461259
-0.2981443
-0.9730691
-0.423157
1.763376
-1.025176
0.08857351
-1.390117
0.346359
-1.706451
-1.178669
0.3965146
-1.26984
0.2582406
-1.018447
-0.03017813
-0.09421393
0.3745109
-0.4184625
-0.1652106
0.1676631
-1.358743
-0.11354
0.3845871
0.1470227
-0.04450395
0.6757382
-0.6084113
-0.1384543
-0.120703
-2.062052
-0.8197705
-0.2911799
-0.2111296
0.02689571
-0.3903271
0.1765396
-0.9679379
0.5020851
-0.16391
0.3348552
0.4643657
-0.8354287
-0.5114163
0.1734929
2.246882
-0.652234
-0.2787924
-1.573044
-0.7073634
1.276943
0.2366336
0.4728215
-0.4318061
1.566085
-1.240288
0.09704674
0.768003
-0.6265889
0.3933837
-0.4151086
0.4656679
-0.4453636
1.38418
1.689978
-0.4289252
-1.097271
-0.5490196
-0.5692668
0.4618131
0.5573023
0.156068
0.03533291
-0.3146684
1.078311
-0.7074738
0.9945566
0.1866389
1.157665
0.1907513
1.019552
-0.2893968
0.1608352
1.680793
-1.153546
-0.4819591
0.551815
0.4233721
-0.2057602
1.14601
-0.8867443
0.2030037
-0.583123
0.1133767
-0.208265
1.584443
-0.3014045
-1.277279
-1.139806
0.3930596
0.5796912
1.914697
0.1242901
0.1576003
0.8638365
1.622817
0.4616441
0.9764699
1.181749
-0.6128132
-0.1589806
0.4860899
-0.5767879
0.4590475
-1.024881
-0.2604542
0.065437
0.3203839
0.3581797
-0.4026613
-0.7985597
-0.3293848
0.1763832
-1.165819
-0.2349827
0.2599987
-0.2216242
0.1330492
0.3557099
0.491058
0.5090648
0.03490749
0.08353685
-0.6809454
0.2523531
-1.710057
0.5353448
0.06999847
0.7877195
0.9197317
0.4377291
1.340308
-0.62501
1.689626
0.4780136
0.2299666
1.068575
-1.370805
-1.383939
0.9456063
1.008094
-0.3944837
2.334695
0.2196242
0.1499085
-1.050681
0.1097989
-0.6874979
0.1377913
0.01432213
0.483944
-0.5047852
-0.4616016
-0.2730802
-0.0003634614
0.09685416
-0.4086444
-0.9721097
1.078094
-0.4465232
0.1272088
2.423845
-1.263231
0.5168088
-1.168389
-0.6552438
0.1788557
0.7685966
0.6588779
-1.126673
0.681675
-0.3784538
-1.364414
0.2580054
-1.090205
-0.1438851
0.6909032
-0.2268423
0.3158256
1.187396
-0.3359027
-0.9433697
0.3798931
-0.3389168
-0.9670463
0.2797947
-0.7589553
-0.4008917
-1.963518
1.135022
-0.6813565
-1.172662
-0.9409176
-0.4783265
0.8728266
0.01784241
1.035904
0.5486115
-0.03698469
-0.4905333
-0.3109895
-0.664912
1.701902
-0.4894438
-0.9189007
0.5125945
1.366533
0.5113602
0.644875
-0.2270532
0.1585046
1.258996
0.6340058
-0.8927328
-1.114684
-0.3624732
0.03614331
1.50574
-0.6868029
-0.3318451
1.424654
0.8490949
0.03378138
1.090614
-0.7784716
1.151501
-0.2111355
0.5398157
0.5054625
-0.5253252
0.6577637
1.371387
-0.2003666
0.1361467
0.8348336
-1.330512
-0.3442684
0.6689423
-0.2775145
-0.06035874
0.3697126
0.2405572
-0.7978872
-0.8432219
-0.04997247
0.3111648
-0.495029
0.5710809
-2.241281
-0.6794454
1.206807
-0.5359623
-0.01756397
0.06441022
0.7295029
0.1856256
1.198122
-1.183988
-1.189168
-1.246371
0.5528905
0.6257122
0.1742414
0.3757685
0.2280052
-0.9497626
0.6198083
-0.3117811
2.032029
0.1154846
0.2196388
-0.4557062
0.1041879
-2.604489
0.2104221
0.99748
0.1027293
0.22811
-0.4764397
0.4925196
-1.09218
-1.148023
-0.588498
0.4345316
-1.069902
-0.6079394
-0.7445272
-1.814206
-0.3907819
-0.5197119
1.970908
0.1339213
0.422897
-0.120795
-0.5190045
-0.1595362
-0.6796306
-1.287727
-2.297385
-0.9207993
-0.725216
0.9153948
-0.09115106
-0.4722588
0.6496077
1.032108
1.380893
-1.002267
0.7565368
0.2964393
0.8795965
0.8066233
-1.506229
-0.241533
0.5385605
-0.005409907
-0.2612112
1.256444
-0.217597
0.9883729
-0.3841699
1.369092
0.6148529
0.1135312
-0.5801204
-1.177535
-0.7951908
1.195055
0.6983743
0.4408738
0.08333398
-1.019852
-1.192509
1.475469
-0.2115839
0.7955475
0.5915156
-0.281945
-0.2968749
-0.6996944
-0.0008465556
0.8166001
1.018513
-0.1297345
1.342638
-0.5139448
0.2866859
-0.118977
-0.5014845
0.9906968
-0.4625129
-1.403164
0.4375563
1.334034
-0.9934859
0.5272704
0.4738439
-0.6716814
-0.5713178
-0.7538453
0.3453751
-1.89938
-0.4722895
-0.4258382
1.056574
-0.6188361
-0.02737925
1.468082
-0.597301
-2.083999
-0.458039
-0.1759746
0.3958485
0.1827378
0.2742759
0.8140137
0.1659117
-1.080765
-0.193988
-0.2151571
0.1220808
0.312547
-0.1522403
0.1750403
-0.09319916
-0.4935849
-0.2206222
-1.704245
0.2223804
-0.388657
1.426672
0.8740059
-1.321946
-0.6590099
-1.058858
0.4311368
-0.318177
-0.6689569
-1.628951
-1.490005
1.065727
0.5352166
0.733589
0.7332949
0.786957
0.8508533
-2.246644
0.1350325
1.19167
-0.5161501
-0.4806839
-0.1665674
-1.002358
-0.2305884
-0.1681196
-0.1926134
0.8345745
-0.4846812
1.270002
1.704583
0.2310052
-0.2114857
0.2442759
0.2809944
1.381988
-0.7335069
0.2028608
-0.03934989
-0.6336246
0.6950749
1.176769
0.4755639
0.9626181
1.550787
-0.5127071
1.108644
0.3129314
1.111757
0.5573334
-0.4957557
-0.7144709
-0.1337374
-0.5976218
0.2841593
-0.5700113
-1.042399
-1.217107
1.029683
-0.8848944
-0.3652956
-0.257584
-1.649557
-0.2304945
-0.3307011
-0.08517234
1.614653
1.003126
0.7662266
-0.7456367
0.432145
-0.01374777
-0.1689989
2.105379
-0.9107158
0.7806509
0.1573213
-0.4308461
-0.4621815
-1.899509
-0.5186454
1.212282
0.8729191
-0.09636611
0.9702973
0.8091508
0.6060034
0.6928996
-0.1759152
1.001823
0.1932625
0.6835045
0.5026497
0.71945
0.1876659
1.011636
-0.5446713
0.7488057
-0.1903606
0.3160859
-1.373452
-1.577456
0.5573364
0.8025455
0.4369549
-1.45357
1.016706
0.2719155
0.703496
0.3349367
0.3417764
0.03082775
-0.2976208
-0.7070771
-0.6767818
-1.017895
0.7419283
-0.2880059
-0.4181372
-0.6093276
1.414026
-0.5556536
0.363849
-0.129769
0.055481
0.6031033
1.040778
1.357889
-0.6486601
0.3522067
-0.3121739
0.9625949
0.5078971
-1.765786
-0.7236781
-1.222774
1.505664
-1.109166
0.1698403
-0.2221179
-0.03927353
-0.4413021
-0.5670391
0.505119
1.240894
1.157313
1.038518
0.1713828
1.476455
-0.005543826
-0.8542393
-0.8084336
0.1992475
0.7938645
1.449435
0.3564915
0.3665106
-0.6031044
0.02319826
-0.207204
0.5935844
-0.6612679
0.8321816
1.160241
