0.5716553
0.3252763
-0.05481149
0.1693704
-0.5541768
0.4204841
0.05681036
0.5567055
0.1546919
-0.4689311
0.2062953
-0.1471385
0.4047383
0.2991279
0.6387381
-0.3308881
-0.1956432
0.2024901
0.1053819
0.5496509
-0.2867175
0.04604346
-0.3525774
-0.389068
0.5283668
0.1328778
-0.1440209
-0.1528476
-0.4101836
-0.1864208
7.734448E-05
0.354764
0.1991067
-0.2307463
-0.1639114
0.1375845
0.6116645
0.264012
-0.001657575
0.7579176
0.1029279
-0.1099007
0.4326027
-0.06975931
0.1601646
0.3375514
0.02205091
0.1955369
0.2819804
-0.3829086
-0.4539028
-0.1212583
0.05788558
-0.03128263
0.06083679
-0.3949888
-0.1643119
0.3952909
0.4488627
-0.4947343
-0.4470071
-0.2815634
-0.5171032
-0.469072
-0.395992
0.8117583
-0.05542856
0.07697275
-0.3597768
0.4170508
-0.09262178
0.3336118
0.4396374
-0.5102405
0.6719598
-0.05280484
-0.3007687
-0.06855385
-0.2544771
-0.01930629
-0.3411117
-0.2613981
0.1401553
0.09257849
0.3756701
0.4450324
0.2044651
-0.03361908
-0.7467262
0.7336743
-0.1080489
-0.113527
0.2157171
-0.1705475
-0.01490799
0.2519855
-0.1374179
0.2913184
0.1267646
-0.2784443
0.03713259
-0.0457515
0.3141708
0.3191637
-0.3829885
-0.03336819
-0.1415041
-0.03227147
0.4031567
0.4683464
-0.1294233
-0.6019007
0.5419158
0.2687085
0.2810808
0.2012873
-0.03442357
0.2118997
-0.7962542
0.4791983
-0.4732529
0.09662662
0.2210397
-0.01106991
0.2617176
-0.2602345
0.0292662
0.01087347
0.3686951
0.1728188
0.2847578
-0.2047721
-0.4230053
0.2908119
-0.09682823
0.1169761
-0.4724107
-0.01275827
-0.5978388
0.509596
-0.2785289
0.3984232
-0.5558906
0.2904139
0.1976083
0.4876767
0.6496944
-0.04544841
0.1246419
-0.3198433
-0.5071245
-0.5221696
-0.1494546
-0.7104608
0.08058921
0.1148361
0.05216067
0.4502565
-0.06146489
0.050583
0.1229755
-0.3447205
-0.06680831
-0.3993092
-0.4740915
-0.3204319
-0.2580318
-0.253283
0.4628921
0.01784271
0.5042168
-0.6719714
-0.480283
-0.08798025
0.5005639
-0.7747244
-0.4345322
0.1427891
-0.3732505
0.3074334
-0.4844732
0.2131461
-0.1410106
-0.2339831
0.1354517
0.2137654
0.2362573
0.1133716
-0.3027804
0.001924686
-0.1982156
-0.03525233
-0.1508623
0.3578967
0.03348715
0.2266999
0.4107308
0.2909297
0.4349724
0.02674819
-0.1755247
0.1751858
0.1693835
-0.08697
0.7385089
-0.04511071
-0.1170478
0.07532666
0.3152332
-0.1213865
-0.5666161
0.35659
0.362351
-0.4255464
0.05343148
-0.1607918
-0.6069376
0.276242
-0.1727155
-0.09064899
0.5202981
0.3004554
0.4195434
-0.5296033
-0.4293708
0.3118287
-0.05279843
0.2379717
0.02611062
0.2025995
0.4020645
0.2691338
-0.5051279
0.3127026
0.1762301
-0.4442467
-0.2460238
-0.3945853
-0.05573356
-0.3375856
0.4168065
-0.1378567
-0.245567
0.1253499
0.3786729
0.01493013
-0.454105
0.2383361
0.06877674
0.02277418
0.3815205
0.358918
-0.6408018
-0.03881162
0.06860656
-0.3450322
-0.3611252
0.04787521
0.1175431
0.4436097
-0.5441171
-0.1384889
0.06205916
-0.6959798
0.2169642
0.07046882
0.1665688
0.1918202
0.2410845
0.2347958
0.09358037
-0.154429
0.07046698
-0.4285185
0.4438834
0.4076592
0.4903148
0.2108454
-0.2060371
-0.1106279
-0.007992178
-0.2615382
-0.4857461
-0.1256297
-0.2182521
-0.2019551
-0.1988226
-0.2023149
-0.2935065
0.09343448
0.279127
0.5116208
-0.2147303
0.5415428
-0.6526549
0.3498705
-0.02686799
0.142059
0.07405215
-0.06583445
0.1125156
0.3625585
-0.4096785
0.2129076
-0.4377809
-0.03690531
0.09202403
0.1934824
-0.5711892
-0.6356328
-0.1004206
-0.1951346
-0.2895946
0.1155143
0.5082411
0.07579239
-0.24366
0.1318737
-0.6010025
0.1971305
0.1766841
0.1346141
-0.05252374
0.3083391
-0.6427476
-0.6679336
0.1673446
-0.2064467
-0.5283363
0.01971427
0.1804979
0.1005349
0.1457821
-0.561941
0.4890465
-0.4156246
0.1818417
-0.3012022
-0.2945384
-0.3692136
0.2463904
0.0726971
0.1568646
0.2731288
0.02672816
0.1602685
0.5371757
0.5794373
0.3754171
0.1273124
0.1704905
0.5965329
0.2244455
0.6297158
0.5266485
-0.4969653
-0.5290697
-0.354285
-0.5082853
0.1038055
-0.3345219
0.5806236
-0.607245
-0.4788984
-0.3692327
-0.4421029
0.2396436
0.5902344
0.4674492
0.3816701
-0.4038038
0.1320252
0.3526171
-0.2270477
-0.0173793
-0.1174669
0.3141961
0.6461725
-0.4970988
0.427117
0.01642627
0.1841383
0.2009252
0.2464603
-0.3455501
0.6797124
-0.322511
-0.5163392
0.009187706
0.4569
-0.1963039
-0.4718336
0.2631683
0.2641631
0.1700149
0.005863652
-0.1507113
0.1876447
-0.2859007
-0.4836131
-0.09977736
0.4072948
0.09296503
0.2893993
-0.1058162
-0.1614836
0.08917442
-0.04808993
-0.03357193
0.3645686
0.3950636
-0.3648247
0.3815838
-0.01044209
-0.4421649
0.1324394
-0.4753238
-0.2477346
-0.09813281
0.4298626
-0.3121019
0.2003426
0.41668
-0.3877368
0.2488908
0.1184508
-0.2040612
-0.4910558
0.3680264
0.3365275
0.3498792
-0.05312692
-0.1113985
-0.06869393
0.2344212
0.4161348
-0.1187264
-0.2544074
-0.006108522
-0.1993359
-0.3743485
0.599421
0.3278271
0.6049984
-0.2239414
0.01040457
0.1156843
-0.3895607
0.3001518
0.09620101
-0.2887093
0.01056575
-0.01871549
0.0872407
-0.08359744
0.001852743
-0.3066924
0.0251586
-0.1991299
0.05238231
0.4202404
-0.1740153
-0.2030339
-0.1417473
-0.2173105
-0.02787594
0.1799693
0.3187808
0.4315253
-0.5055595
-0.01356202
0.6538051
0.1273893
-0.1414096
-0.5657284
-0.01652735
0.6213474
-0.1310893
-0.02931283
0.4917119
-0.4883424
0.2961679
-0.001334675
-0.441974
-0.5154519
0.2677368
0.3580437
0.6940464
0.1801339
0.2995848
-0.3500594
0.3146674
0.494889
0.07745928
-0.4561235
0.05311058
-0.2290057
0.263492
-0.02861699
-0.3885028
-0.02370124
-0.3416737
0.2165959
0.01614872
0.6150421
-0.006608516
-0.2909764
-0.3062197
0.104921
0.3215863
0.08230892
-0.06648593
-0.01360752
0.06785212
-0.4764006
-0.2957788
-0.3527829
0.06986049
0.6640317
-0.2266707
0.05598595
0.4132656
-0.04560617
0.2080712
-0.2288972
0.5785413
-0.1914209
0.4692076
0.2407248
-0.01385159
0.1117226
0.2898165
-0.2398341
0.07841059
-0.2949779
0.5411193
-0.005081594
0.4943871
-0.3659616
0.2912399
0.2383719
-0.05549779
0.1369372
0.5232754
0.07597249
-0.05139348
-0.426375
0.4020676
-0.2195895
0.07708231
-0.2646345
0.3071692
0.2557457
-0.00984107
0.03383183
0.3514243
-0.3057286
0.5738571
-0.1056581
0.01969384
0.3680184
0.3557697
0.6182886
-0.04162938
0.1258885
-0.4886172
-0.2093167
-0.6583344
-0.05422689
0.1748213
0.02712179
0.1475111
-0.03484515
0.2120161
-0.402036
-0.2150102
0.4219689
0.2980225
0.227408
-0.300783
-0.4796818
-0.4857729
0.171229
-0.5674624
-0.2450171
-0.7166637
-0.6412445
-0.2447259
0.1883738
0.2261761
0.2265316
-0.1055901
-0.2268913
0.3161226
-0.4499392
0.4507341
-0.505841
-0.2590416
0.4554117
-0.1511608
0.2349346
-0.1723582
-0.6709394
-0.4180297
-0.5139089
0.1502163
-0.2223048
-0.3698238
0.2835213
-0.07855411
0.207469
-0.2301952
0.4415474
0.4843289
0.3052562
0.3905681
0.4877658
-0.1221624
0.6223161
0.184617
-0.5259933
-0.2490362
-0.2113032
0.5444692
0.5056937
-0.3063858
-0.2374797
-0.4579642
-0.1730431
0.4203547
-0.1748417
0.06386176
0.2993643
0.7118177
0.02423333
-0.07518645
0.2512572
-0.1274296
0.6991727
0.1828275
-0.4236884
-0.0440635
0.4066765
0.4965429
0.4001996
0.3246326
-0.3261083
0.1780376
-0.3694405
0.132408
-0.4854029
0.1296643
0.1512933
-0.07125618
-0.01630654
-0.2712465
-0.3677607
-0.2040038
0.2453783
-0.3040689
0.117787
-0.2589031
-0.3472552
0.2188046
0.3589581
-0.0431137
0.008817188
0.3270929
-0.5952284
-0.06802252
0.3161297
0.663155
-0.3387223
-0.2037993
-0.4437708
-0.3801598
0.4366844
0.3472833
0.36358
0.1256845
-0.08104987
0.5693033
-0.222648
-0.2466922
0.4453662
0.4636322
-0.3557508
-0.07825091
0.352424
-0.3773046
0.06234807
-0.503858
-0.06549298
0.01387177
-0.2739646
0.1951879
-0.1067081
0.1364898
-0.3756121
0.05999927
-0.08172257
-0.4096977
0.221155
0.1819372
0.3987127
-0.02480889
-0.005139232
0.5116401
0.1283486
-0.3763637
-0.1267697
-0.5214556
-0.2217707
-0.1261162
0.5548219
-0.3994581
-0.4206049
-0.2285335
0.09159554
0.4296795
-0.5593913
0.1782854
-0.2076147
0.4341052
-0.4031425
-0.01877899
0.09658593
0.04119592
-0.1538424
0.1506362
-0.1535203
0.1663706
-0.4756489
-0.1718768
0.02148421
0.3633805
0.405397
0.4336686
-0.00328099
0.6380274
-0.01157908
