0.3939537
-1.964618
-0.1323972
-0.3184575
0.4932825
0.2996195
-0.1111062
0.03140394
-0.001737033
0.6895404
0.08252983
0.2558982
0.3558018
-0.07776131
-0.4109581
0.1005234
-0.624372
-0.2831406
-0.3757777
-0.3025349
0.1997961
-0.894288
-0.7357187
-0.2462683
0.07814167
-0.4339091
0.09447941
0.05037439
-0.4068502
0.3397067
0.08960679
0.4658588
-0.3953511
0.8982816
0.4345164
-0.1623138
0.6898785
-0.05928342
0.6877011
0.460263
0.4089725
0.04986988
-0.3374741
0.5686608
-0.1088705
0.3181799
0.9360274
0.4404755
0.209156
